3,3,3,0,0,0,0,0,0,0,0,0,0,0,0,0,0,0,0,0,0,0,0,0,0,0,0,0,0,0,0,0,0,0,0,0,0,0,0,0,0,0,0,0,0,0,0,0,0,0,0,0,0,0,0,0,0,0,0,0,0,0,0,0,0,0,0,0,0,0,0,0,0,0,0,0,0,0,0,0,0,0,0,0,0,0,0,0,0,0,3,3,3
3,3,3,0,0,0,0,0,0,0,0,0,0,0,0,0,0,0,0,0,0,0,0,0,0,0,0,0,0,0,0,0,0,0,0,0,0,0,0,0,0,0,0,0,0,0,0,0,0,0,0,0,0,0,0,0,0,0,0,0,0,0,0,0,0,0,0,0,0,0,0,0,0,0,0,0,0,0,0,0,0,0,0,0,0,0,0,0,0,0,3,3,3
3,3,3,0,0,0,0,0,0,0,0,0,0,0,0,0,0,0,0,0,0,0,0,0,0,0,0,0,0,0,0,0,0,0,0,0,0,0,0,0,0,0,0,0,0,0,0,0,0,0,0,0,0,0,0,0,0,0,0,0,0,0,0,0,0,0,0,0,0,0,0,0,0,0,0,0,0,0,0,0,0,0,0,0,0,0,0,0,0,0,3,3,3
3,3,3,0,0,0,0,0,0,0,0,0,0,0,0,0,0,0,0,0,0,0,0,0,0,0,0,0,0,0,0,0,0,0,0,0,0,0,0,0,0,0,0,0,0,0,0,0,0,0,0,0,0,0,0,0,0,0,0,0,0,0,0,0,0,0,0,0,0,0,0,0,0,0,0,0,0,0,0,0,0,0,0,0,0,0,0,0,0,0,3,3,3
3,3,3,0,0,0,0,0,0,0,0,0,0,0,0,0,0,0,0,0,0,0,0,0,0,0,0,0,0,0,0,0,0,0,0,0,0,0,0,0,0,0,0,0,0,0,0,0,0,0,0,0,0,0,0,0,0,0,0,0,0,0,0,0,0,0,0,0,0,0,0,0,0,0,0,0,0,0,0,0,0,0,0,0,0,0,0,0,0,0,3,3,3
3,3,3,0,0,0,0,0,0,0,0,0,0,0,0,0,0,0,0,0,0,0,0,0,0,0,0,0,0,0,0,0,0,0,0,0,0,0,0,0,0,0,0,12,12,12,0,0,0,0,0,0,0,0,0,0,0,0,0,0,0,0,0,0,0,0,0,0,0,0,0,0,0,0,0,0,0,0,0,0,0,0,0,0,0,0,0,0,0,0,3,3,3
3,3,3,0,0,0,0,0,0,0,0,0,0,0,0,0,0,0,0,0,0,0,0,0,0,0,0,0,0,0,0,0,0,12,12,12,0,0,0,0,0,0,8,8,8,8,8,0,0,0,0,0,0,0,0,0,0,0,0,0,0,0,0,0,0,0,0,0,0,0,0,0,0,17,0,0,0,0,0,0,0,0,0,0,17,0,0,0,0,0,3,3,3
3,3,3,0,0,0,0,0,0,0,0,0,0,0,0,0,0,0,0,0,21,0,0,0,0,0,0,16,0,0,0,0,0,8,8,8,0,0,0,16,0,0,0,0,9,0,0,0,0,0,0,0,0,21,0,0,0,0,0,0,0,17,0,0,0,0,0,0,0,0,0,0,8,8,8,0,0,0,0,0,0,0,0,0,3,0,0,0,0,0,3,3,3
3,3,3,0,0,0,0,0,0,0,0,0,0,0,0,0,0,0,0,8,8,8,0,0,0,0,8,8,8,0,16,0,0,0,9,0,0,0,8,8,8,0,0,0,9,0,0,0,0,0,0,0,8,8,8,0,0,0,0,8,8,8,8,0,0,0,0,0,0,12,0,0,0,9,0,0,12,12,12,0,0,0,0,3,3,0,0,0,0,0,3,3,3
3,3,3,0,0,0,0,0,0,0,0,0,0,0,0,0,21,0,0,0,9,0,12,12,0,0,0,9,0,8,8,8,0,0,9,0,0,16,0,9,0,0,0,0,9,0,0,0,12,0,0,0,0,9,0,0,0,21,0,0,9,9,0,0,12,12,0,0,8,8,8,0,0,9,0,0,8,8,8,0,0,0,3,3,3,0,0,0,0,0,3,3,3
3,3,3,0,0,0,0,0,0,0,0,0,0,0,0,8,8,8,0,0,9,8,8,8,8,0,0,9,0,0,9,32,0,0,9,8,8,8,0,9,0,0,0,0,9,0,0,8,8,8,8,0,0,9,0,0,8,8,8,0,9,9,0,8,8,8,8,0,0,9,0,0,12,9,12,0,0,9,0,0,0,3,3,3,3,0,0,0,0,0,3,3,3
3,3,3,0,0,0,0,0,0,0,0,0,12,0,0,0,9,0,0,0,9,0,9,9,0,0,12,9,0,0,9,8,8,8,8,0,9,0,0,9,0,0,0,0,9,0,0,0,9,9,0,0,0,9,0,0,0,9,0,12,9,9,0,0,9,9,0,0,0,9,0,8,8,8,8,8,0,9,0,0,3,3,3,3,3,0,0,0,0,0,3,3,3
3,3,3,0,0,0,33,0,0,0,0,8,8,8,0,0,9,0,0,0,9,0,9,9,0,8,8,8,8,0,9,0,9,9,0,0,9,0,0,9,0,0,0,0,9,0,0,0,9,9,0,0,0,9,0,0,0,9,0,8,8,8,8,8,9,9,0,0,0,9,0,0,0,9,0,0,0,9,0,3,3,3,3,3,3,0,0,0,10,0,3,3,3
3,3,3,3,3,3,3,3,3,3,0,0,9,0,0,0,9,0,0,0,9,0,9,9,0,0,9,9,0,0,9,0,9,9,0,0,9,0,0,9,0,0,0,0,9,0,0,0,9,9,0,0,0,9,0,0,0,9,0,0,0,9,0,0,9,9,0,0,0,9,0,0,0,9,0,0,0,9,3,3,3,3,3,3,3,3,3,3,3,3,3,3,3
3,3,3,3,3,3,3,3,3,3,0,0,9,0,0,0,9,0,0,0,9,0,9,9,0,0,9,9,0,0,9,0,9,9,0,0,9,0,0,9,0,0,0,0,9,0,0,0,9,9,0,0,0,9,0,0,0,9,0,0,0,9,0,0,9,9,0,0,0,9,0,0,0,9,0,0,0,9,3,3,3,3,3,3,3,3,3,3,3,3,3,3,3
3,3,3,3,3,3,3,3,3,3,0,0,9,0,0,0,9,0,0,0,9,0,9,9,0,0,9,9,0,0,9,0,9,9,0,0,9,0,0,9,0,0,0,0,9,0,0,0,9,9,0,0,0,9,0,0,0,9,0,0,0,9,0,0,9,9,0,0,0,9,0,0,0,9,0,0,0,9,3,3,3,3,3,3,3,3,3,3,3,3,3,3,3