4,4,4,4,4,4,4,4,4,4,4,4,4,4,4,4,4,4,4,4,4,4,4,4,4,4,4,4,4,4,4,4,4,4,4,4,4,4,4,4,4,4,4,4,4,4,4,4,4,4,4,4,4,4,4,4,4,4,4,4,4,4,4,4,4,4,4,4,4,4,4,4,4,4,4,4,4,4,4,4,4,4,4,4,4,4,4,4,4,4,4,4,4,4,4,4,4,4,4,4,4,4,4,4,4,4,4,4,4,4,4,4,4
4,4,4,4,4,4,4,4,4,4,4,4,4,4,4,4,4,4,4,4,4,4,4,4,4,4,4,4,4,4,4,4,4,4,4,4,4,4,4,4,4,4,4,4,4,4,4,4,4,4,4,4,4,4,4,4,4,4,4,4,4,4,4,4,4,4,4,4,4,4,4,4,4,4,4,4,4,4,4,4,4,4,4,4,4,4,4,4,4,4,4,4,4,4,4,4,4,4,4,4,4,4,4,4,4,4,4,4,4,4,4,4,4
4,4,4,4,4,4,4,4,4,4,4,4,4,4,4,4,4,4,4,4,4,4,4,4,4,4,4,4,4,4,4,4,4,4,4,4,4,4,4,4,4,4,4,4,4,4,4,4,4,4,4,4,4,4,4,4,4,4,4,4,4,4,4,4,4,4,4,4,4,4,4,4,4,4,4,4,4,4,4,4,4,4,4,4,4,4,4,4,4,4,4,4,4,4,4,4,4,4,4,4,4,4,4,4,4,4,4,4,4,4,4,4,4
4,4,4,0,0,0,0,0,0,0,0,0,0,0,0,0,0,0,0,0,0,0,0,15,15,15,15,0,0,0,0,0,0,0,0,0,0,0,0,0,12,12,12,12,12,32,28,4,4,4,4,4,4,4,0,0,0,0,11,0,0,0,0,0,0,0,11,0,0,0,11,0,0,0,0,0,0,0,0,0,0,0,0,0,0,0,0,0,0,0,12,12,12,0,0,0,0,0,0,0,0,0,0,0,0,0,0,0,0,0,4,4,4
4,4,4,0,0,0,0,0,0,0,0,0,0,0,0,0,0,0,0,0,0,0,0,0,0,0,0,0,0,0,0,0,0,0,0,0,0,0,0,4,4,4,4,4,4,4,4,4,4,4,4,4,4,0,0,0,11,0,0,0,0,0,11,0,0,0,28,0,11,0,28,0,11,0,0,0,0,0,0,0,0,0,0,23,0,23,0,0,0,28,4,4,4,4,0,0,0,0,0,0,0,0,0,0,0,4,0,0,0,0,4,4,4
4,4,4,0,0,0,0,0,0,0,0,0,0,0,0,0,0,0,0,0,0,0,0,0,0,0,21,32,0,0,0,0,0,0,0,0,11,11,0,0,0,0,0,0,0,0,0,0,0,0,0,0,0,0,0,0,0,0,0,0,11,0,0,0,11,0,0,0,0,0,0,0,0,0,11,0,0,0,0,0,0,0,0,7,12,7,12,4,4,4,4,0,0,0,0,0,0,0,0,23,0,0,0,17,4,4,0,0,0,0,4,4,4
4,4,4,0,0,0,0,0,0,0,0,0,28,0,0,0,0,0,0,4,15,4,0,15,15,15,15,15,0,0,0,0,0,11,11,0,0,0,0,0,16,16,0,19,19,0,0,21,21,0,0,17,17,0,0,0,0,0,11,0,0,0,0,0,0,0,11,0,0,0,11,0,0,0,28,0,0,0,0,0,0,4,4,4,4,4,4,4,0,23,0,0,0,0,0,0,0,0,0,7,0,0,0,4,4,4,0,0,0,0,4,4,4
4,4,4,0,0,0,0,0,0,0,4,0,4,0,4,0,0,0,4,0,0,0,23,0,0,0,0,0,0,0,0,28,0,0,0,0,0,0,0,4,4,4,4,4,4,4,4,4,4,4,4,4,4,0,0,0,11,0,0,0,0,0,11,0,0,0,28,0,11,0,28,0,11,0,0,0,0,7,0,23,0,0,23,0,23,0,0,0,0,7,0,0,23,0,0,0,0,7,0,4,0,17,4,4,4,4,0,0,0,0,4,4,4
4,4,4,0,0,33,0,0,4,0,0,17,0,17,0,0,4,0,0,12,12,0,7,0,0,16,0,16,0,0,28,4,12,12,12,12,12,0,4,4,4,4,4,4,4,4,4,4,4,4,4,4,4,4,0,4,0,0,0,0,11,0,0,0,11,0,0,0,0,0,0,0,0,0,11,0,0,4,0,7,0,0,7,0,7,0,12,7,12,4,0,0,7,0,0,7,0,4,0,4,0,4,4,4,4,4,0,0,10,0,4,4,4
4,4,4,4,4,4,4,4,4,4,4,4,4,4,4,4,4,4,4,4,4,4,4,4,4,4,4,4,4,4,4,4,4,4,4,4,4,4,4,4,4,4,4,4,4,4,4,4,4,4,4,4,4,4,4,4,0,0,0,0,0,0,0,0,0,0,0,0,0,0,0,0,0,0,0,4,4,4,4,4,4,4,4,4,4,4,4,4,4,4,4,4,4,4,4,4,4,4,4,4,4,4,4,4,4,4,4,4,4,4,4,4,4
4,4,4,4,4,4,4,4,4,4,4,4,4,4,4,4,4,4,4,4,4,4,4,4,4,4,4,4,4,4,4,4,4,4,4,4,4,4,4,4,4,4,4,4,4,4,4,4,4,4,4,4,4,4,4,4,0,0,0,0,0,0,0,0,0,0,0,0,0,0,0,0,0,0,0,4,4,4,4,4,4,4,4,4,4,4,4,4,4,4,4,4,4,4,4,4,4,4,4,4,4,4,4,4,4,4,4,4,4,4,4,4,4
4,4,4,4,4,4,4,4,4,4,4,4,4,4,4,4,4,4,4,4,4,4,4,4,4,4,4,4,4,4,4,4,4,4,4,4,4,4,4,4,4,4,4,4,4,4,4,4,4,4,4,4,4,4,4,4,0,0,0,0,0,0,0,0,0,0,0,0,0,0,0,0,0,0,0,4,4,4,4,4,4,4,4,4,4,4,4,4,4,4,4,4,4,4,4,4,4,4,4,4,4,4,4,4,4,4,4,4,4,4,4,4,4